8527
8723
8764
9147
9349
9483
9486
9079
9164
9220
8189
8198
8199
8200
8201
8202
8206
8207
8211
8220
8221
8222
8250
8251
8252
8297
8299
8300
8320
8321
8365
8366
8409
8411
8412
8435
8436
8444
8450
8451
8452
8454
8455
8475
8505
8506
8516
8517
8536
8541
8544
8545
8559
8567
8568
8569
8570
8572
8573
8574
8583
8614
8615
8622
8641
8648
8672
8683
8684
8719
8738
8739
8759
8767
8786
8788
8789
8797
8809
8810
8815
8816
8819
8858
8872
8873
8876
8877
8892
8893
8914
8915
8924
8926
8961
8962
8973
8979
8981
8988
9020
9067
9076
9077
9094
9114
9115
9119
9120
9144
9162
9169
9172
9178
9179
9180
9181
9189
9193
9207
9208
9221
9223
9258
9259
9281
9302
9319
9324
9331
9344
9345
9358
9387
9394
9408
9412
9447
9448
9449
9462
9464
9473
9494
9497
9514
9518
9519
9547
9550
9551
9569
9570
9571
8537
8631
8838
8662
8900
8965
9033
9057
9102
9188
9212
9251
9293
9330
9406
9426
9476
8917
8958
9004
9132
8576
8853
9273
9274
9359
9492
9493
9109
9110
9111
9386
8098
8348
8396
8482
8535
8548
8627
8700
8811
8901
8986
9041
9082
9202
9252
9290
9369
9419
9548
8375
8477
8547
8718
8776
8658
8905
8938
9018
9070
8939
9236
9453
9526
9549
8638
8842
9060
7711
7850
7967
7968
8120
8136
8137
8168
8288
8247
8399
8400
8528
8586
8674
8657
8852
8921
8950
8951
9006
9061
9062
9160
9190
9271
9461
9475
9516
8485
9237
9280
9356
9490
8283
8284
8301
9021
9078
9338
9498
2342
2976
2977
3256
3257
3258
3803
3804
8456
8713
8949
9441
8091
8123
8124
8154
8223
8280
8309
8350
8387
8413
8447
8523
8543
8632
8633
8703
8768
8799
8845
8668
8868
8890
8891
8955
8996
9023
9053
9080
9133
9159
9185
9213
9250
9270
9325
9401
9482
9507
9525
9527
9555
8716
8717
8974
8975
9307
9308
9343
8465
8659
8086
8134
8610
9113
9187
8637
8835
9166
9168
8922
8978
9200
9382
9321
8945
8947
8948
9019
9138
9191
9192
9197
9257
9260
9261
9262
9311
9320
9354
9355
9388
9413
9414
9433
9457
9495
9496
9537
9538
8592
8602
8635
8636
8675
8676
8677
8691
8694
8695
8696
8747
8748
8749
8778
8779
8780
8781
8807
8808
8839
8840
8841
8862
8863
8864
8911
8941
8942
8946
8968
8969
9000
9028
9029
9030
9031
9063
9068
9095
9096
9097
9098
9099
9134
9135
9136
9137
9170
9171
8940
9214
9215
9254
9255
9276
9284
9309
9310
9312
9317
9318
9332
9333
9334
9335
9342
9375
9376
9402
9403
9404
9435
9436
9437
9440
9459
9460
9463
9479
9480
9481
9511
9512
9513
9539
9540
9541
9562
9563
9564
9565
8464
8909
9009
9286
8999
9051
9075
9146
9196
9248
9303
9340
9341
9420
9556
8287
8408
8416
8470
8894
9022
9383
9468
8145
8146
8521
8534
8806
8878
9282
9346
9347
9517
9557
9081
9399
9458
8564
8609
8753
8850
8928
9005
9149
9351
9439
9575
7905
7906
7907
8012
8013
8014
8015
8016
8092
8093
8094
8095
8096
8172
8173
8174
8175
8176
8215
8275
8276
8277
8278
8355
8356
8357
8358
8359
8479
8480
8481
8488
8589
8590
8591
8593
8624
8625
8626
8640
8643
8649
8650
8651
8652
8653
8654
8655
8707
8708
8709
8710
8711
8770
8771
8772
8773
8774
8775
8782
8824
8825
8826
8896
8897
8898
8899
9035
9036
9037
9064
9065
9066
9091
9092
9093
9128
9129
9155
9156
9157
9158
9227
9228
9229
9230
9231
9242
9243
9275
9326
9327
9415
9416
9417
9418
9451
9452
9474
9477
9478
9503
9504
9505
9506
9528
9529
7771
7821
8353
9039
985
9301
9371
5202
5556
5566
5718
5963
6029
6306
6695
7070
9389
9429
9469
9533
9574
7414
7415
7421
7422
7499
7604
7605
7753
7754
7888
8022
8352
8486
8487
8587
8588
8669
8670
8671
8984
8985
9244
9245
9246
9247
9520
9522
9523
8038
8039
8040
8075
8076
8077
8078
8113
8114
8119
8150
8151
8183
8184
8185
8204
8205
8226
8227
8228
8262
8263
8307
8308
8343
8344
8345
8385
8386
8418
8419
8430
8439
8440
8473
8474
8519
8520
8560
8561
8562
8598
8599
8616
8617
8618
8688
8689
8690
8733
8734
8735
8765
8766
8803
8804
8805
8836
8837
8665
8666
8865
8867
8902
8903
8904
8935
8936
8963
8964
8994
8995
9026
9027
9055
9056
9069
9087
9088
9089
9090
9124
9125
9150
9151
9182
9183
9209
9210
9211
9238
9239
9240
9278
9279
9285
9305
9306
9316
9328
9329
9364
9365
9366
9367
9395
9396
9397
9423
9424
9425
9454
9470
9471
9472
9499
9500
9501
9502
9530
9531
9534
9552
9553
9554
8011
8054
7515
7677
8074
8314
8712
8843
8916
9283
9438
9532
8044
8107
8538
8594
8634
8800
8884
8885
8970
8971
8997
9105
9106
9176
9232
9042
9272
9521
9007
9008
9398
8724
8769
8869
8913
8959
9015
9103
9184
9266
9294
9434
8701
8751
8980
9047
9108
9163
9249
9292
9339
9381
9558
8285
8423
8476
8518
8910
9235
9291
8131
8372
8373
9010
8162
8282
8390
8714
8187
8706
8763
8932
8933
8952
8954
8990
9024
9034
9085
9122
9123
9142
9143
9177
9203
9233
9234
9268
9295
9296
9322
9323
9360
9361
9392
9393
9421
9422
9455
9456
9576
9577
6572
9107
9253
9194
9195
8453
8493
8494
8746
9052
9205
9206
9362
9363
9384
9385
8740
8796
8883
8330
8438
9013
9116
9357
9400
9491
8937
8976
9040
9083
9130
9131
9165
9216
9277
9390
8882
9348
9559
8292
8293
8294
8323
8324
8325
8351
8326
8364
8367
8368
8369
8370
8378
8394
8401
8402
8403
8431
8432
8433
8448
8461
8462
8463
8497
8500
8513
8514
8502
8529
8542
8555
8565
8556
8580
8581
8611
8612
8613
8645
8646
8647
8678
8679
8680
8681
8682
8705
8721
8722
8725
8726
8727
8750
8754
8755
8756
8757
8758
8790
8791
8792
8793
8794
8817
8847
8848
8849
8851
8854
8855
8856
8874
8879
8880
8881
8886
8927
8929
8956
8972
8982
8983
9011
9012
9016
9046
9048
9049
9050
9071
9072
9073
9084
9117
9118
9139
9140
9141
9167
9173
9174
9198
9199
9218
9219
9222
9224
9225
9263
9264
9265
9288
9289
9304
9352
9353
9379
9391
9409
9410
9411
9443
9445
9446
9450
9465
9466
9487
9488
9489
9515
9524
9535
9542
9543
9544
9545
9546
9561
9572
9573
9578
9579
9043
9044
9058
9152
9153
9154
9256
9298
9299
9372
9377
9378
9427
9428
9444
9484
9508
9509
9510
9566
9567
9568
8777
8870
9074
9175
8195
8329
8458
8512
8515
8644
8812
8844
8992
9126
9201
9287
9560
8371
8585
9148
9269
9297
9350
9442
8987
9032
9226
9405
9432
9536
6095
7164
7272
